105.10713 -0.25175 0.52646 0.06306 0.01104 0.44844 0.06306 0.13132 -71.10000 2.50000 250.18854 164.39201 240.61606 49.13937 7.60102 244.48712 174.13665 242.49146 
63.98335 -0.55395 0.09202 0.03500 -1.11134 0.06829 0.03500 0.16316 99.00000 2.10000 192.17326 25.12885 27.17032 94.35637 2.37157 167.19128 30.75931 31.63956 
39.49699 -2.68583 0.38940 0.05613 -0.53008 0.28663 0.05613 -0.18584 -117.00000 5.20000 383.23944 68.29633 75.75732 -54.30847 9.16672 378.52011 70.28464 78.70145 
210.62912 -0.15904 0.09365 0.03500 -0.06724 0.05358 0.03500 0.10501 30.90000 0.60000 125.34068 37.85127 66.59270 81.81686 1.70819 94.91536 61.87415 78.41255 
160.58030 -0.34182 0.23180 0.05611 -0.47307 0.16882 0.05611 -0.00560 -128.90000 1.20000 182.61324 76.57893 150.04100 -93.23215 3.84984 157.13426 107.70188 163.03798 
105.36859 0.48489 0.01748 0.03500 0.13146 0.01617 0.03500 0.08346 229.10000 0.10000 162.88213 22.15674 21.03993 1.59677 1.62531 162.85098 22.16035 20.99948 
37.06274 1.86729 0.07794 0.03500 0.08178 0.07234 0.03500 -0.00837 477.20000 1.20000 355.02509 13.93466 15.97812 203.23480 2.91387 291.13654 17.84412 19.19046 
28.98131 3.04586 0.11947 0.05719 1.56476 0.13528 0.05719 0.06555 284.60000 3.40000 387.83969 30.25974 33.03323 45.99427 4.12671 384.86523 30.24478 33.41467 
43.47404 0.47070 0.10847 0.03500 -1.71633 0.10376 0.03500 -0.42687 98.10000 0.90000 276.23981 27.35663 30.32883 31.99123 2.64516 274.35074 27.91147 31.01343 
144.98098 -0.04476 0.28042 0.06278 -0.16496 0.17239 0.06278 -0.18487 149.30000 1.20000 112.02158 77.18960 132.65805 -10.41159 3.35991 111.66179 78.50225 132.46448 
111.13535 -0.18358 0.06130 0.03500 -0.10580 0.03148 0.03500 -0.04096 87.50000 0.40000 113.22280 19.41134 24.47468 -83.93983 1.84209 75.95906 34.72123 33.67908 
79.06513 -0.01247 0.01342 0.03500 -0.15780 0.01483 0.03500 0.13141 -291.00000 0.10000 160.44933 15.42668 18.81564 -88.72581 1.63363 133.52422 18.66251 21.76740 
23.78546 1.24152 0.27628 0.05729 0.84478 0.28538 0.05729 -0.59124 -347.60000 1.80000 355.43805 23.67343 25.33295 -155.69598 8.24435 319.24670 26.64954 27.25467 
364.92550 0.15886 0.29220 0.05318 0.37222 0.34045 0.05318 -0.25741 75.60000 2.40000 616.65039 392.51944 523.00281 -71.48023 6.09958 612.24493 400.99916 525.83698 
141.37896 0.37449 0.00369 0.03500 -0.40094 0.00545 0.03500 -0.45962 55.30000 0.30000 137.75069 25.41007 26.05185 -41.30040 1.04088 131.42163 26.98080 26.94255 
116.42677 -0.26107 0.17200 0.04591 -0.43670 0.23767 0.04591 0.24691 -140.50000 2.40000 274.32724 69.39377 101.70233 -195.97639 3.51483 190.55342 116.72733 127.05135 
128.65602 -0.29721 0.11810 0.03500 -0.32922 0.09381 0.03500 0.13638 45.00000 1.10000 163.26410 9.31261 30.62170 152.26654 1.35859 59.30374 37.26231 61.49524 
83.46652 0.89078 0.08791 0.05848 -0.54976 0.07995 0.05848 0.29365 112.80000 2.60000 213.31480 44.06804 48.39629 -34.02211 3.22999 210.42595 44.42372 48.87282 
147.80066 -0.41562 0.51867 0.06129 0.13404 0.42170 0.06129 -0.42735 303.10000 1.40000 284.42395 141.17950 258.71930 118.05331 6.44961 257.84052 176.56807 271.59430 
25.67517 3.73332 0.03797 0.03500 -1.60527 0.03626 0.03500 0.27863 80.40000 0.60000 370.04901 12.88574 14.14386 -57.36760 1.89750 365.55835 13.24030 14.49609 
272.98020 -0.08599 0.05913 0.03500 -0.12795 0.06159 0.03500 -0.35816 282.50000 0.50000 181.47823 12.95551 43.58150 166.61983 1.24909 71.87743 47.79243 78.77629 
227.46458 -0.02506 0.07987 0.03500 -0.17277 0.08349 0.03500 -0.40147 78.00000 0.10000 76.69444 44.24456 77.10980 19.59950 1.27045 74.27216 48.58965 78.05485 
154.74603 -0.58992 0.53103 0.05899 -0.44916 0.35824 0.05899 -0.23724 132.30000 1.40000 312.03717 216.91556 306.06848 1.90497 8.08528 311.74512 216.72118 305.95129 
173.77935 -0.09696 0.55720 0.05727 -0.62784 0.30168 0.05727 0.04650 173.30000 3.10000 311.99222 209.83836 306.59341 50.66411 6.50591 308.24356 219.40559 308.55569 
418.76400 0.07851 0.09927 0.03970 -0.04909 0.12040 0.03970 -0.16221 -21.20000 1.00000 194.13065 68.23028 149.39731 -116.99091 1.66519 155.62183 109.16772 167.32346 
181.94710 -0.10786 0.64539 0.06093 -0.58573 0.49755 0.06093 0.05257 -226.50000 2.70000 400.87164 264.77455 434.25916 -64.51689 8.43447 394.90353 275.19331 437.56741 
32.99946 2.39820 0.03963 0.03500 -1.31934 0.04760 0.03500 0.16584 62.80000 0.50000 248.16678 14.15033 15.30872 -102.27449 1.77440 226.06886 15.71877 16.82497 
18.87861 -2.73558 0.00904 0.03500 -1.35668 0.00792 0.03500 0.11437 140.00000 2.00000 312.36719 18.40863 20.67868 142.21564 0.81825 278.04041 20.38968 22.86411 
84.82620 0.08417 0.00639 0.03500 -0.13265 0.00593 0.03500 0.15659 111.40000 0.10000 198.59943 21.89674 20.89081 74.60876 0.99885 184.11935 23.86717 22.34956 
27.82236 -1.69748 0.19538 0.03500 -3.50132 0.17470 0.03500 -0.08659 208.50000 0.90000 232.51791 26.42543 27.59003 116.23087 3.83284 200.99684 30.25172 31.29951 
42.29417 1.65596 0.15452 0.04541 0.13516 0.10359 0.04541 0.23430 -39.20000 2.50000 224.28551 34.47314 38.79445 73.27836 3.14203 211.58868 34.99684 39.62512 
88.94591 -0.43779 0.02758 0.03500 0.05524 0.02760 0.03500 -0.23773 224.20000 0.10000 241.99561 22.16493 25.49011 79.15410 1.33965 228.62146 23.28044 26.57477 
34.74937 0.58819 0.18745 0.05140 0.55366 0.16148 0.05140 0.03221 -381.70000 1.10000 333.57251 18.21487 19.62912 -255.93771 3.09705 213.68262 28.03702 28.94257 
53.74969 0.90958 0.05915 0.03500 -1.15851 0.07377 0.03500 -0.37412 -129.10000 3.50000 283.17636 19.96729 24.23529 -187.32037 2.16007 212.19171 28.56989 32.56454 
21.05415 -0.02541 0.03445 0.03500 -1.66122 0.03485 0.03500 -0.40147 -102.30000 2.00000 236.22278 5.12955 5.26256 -228.05899 1.85871 60.98657 12.08372 12.07582 
101.97348 -0.68310 0.09417 0.03500 -0.71970 0.12969 0.03500 -0.10013 -55.30000 1.40000 257.35895 53.12924 61.54510 9.98515 2.19710 257.15717 53.22101 61.61838 
40.86307 1.69053 0.05342 0.03500 -1.90245 0.06595 0.03500 -0.11490 -116.50000 1.90000 288.20819 18.66821 21.03043 -58.67406 1.55674 282.16364 18.99905 21.33667 
77.77814 -0.18437 0.02551 0.03500 0.08240 0.02322 0.03500 -0.38687 -246.90000 0.10000 153.37662 16.41118 17.08330 -71.25140 1.52702 135.69125 18.71691 19.46362 
42.78550 0.19916 0.18697 0.05324 -1.34198 0.36624 0.05324 -0.15436 -12.30000 2.50000 120.42884 43.62591 56.28812 23.26844 3.74844 118.42059 46.87094 57.30848 
