95.02446 79.39306 12.94698 190.37254 82.20493 38581.33645 0.75300 0.44601 0.24199 98.62536 75.22929 10.36558 1212.12662 1094.44735 50157.66325 0.93878 0.52246 0.05737 
31.74707 9.69134 10.67829 76.55771 6.73964 8.94695 0.41138 0.07599 0.11504 44.58983 12.53813 9.13317 109.81499 22.40236 51.41888 0.45350 0.03406 0.07614 
38.49899 2.85994 2.38720 166.66499 87.32606 623.67592 0.63040 0.26611 0.27752 39.01371 2.49553 2.33389 17206.02261 16870.19194 19611.12215 0.99551 0.19647 0.00231 
53.89920 40.87677 86.51096 254.37889 23.07996 103.75768 0.66200 0.24663 0.23786 85.49226 66.91543 87.02757 325.41530 59.76773 1363.12607 0.70755 0.17693 0.23467 
84.68189 70.29132 66.73117 234.20559 47.27202 8650.26664 0.70680 0.26362 0.27132 115.65395 94.94018 39.15488 463.69413 245.41283 29219.78193 0.87023 0.29048 0.11979 
60.10177 16.47855 20.55940 106.01118 6.69684 6.85885 0.27260 0.11871 0.12204 103.42649 23.00999 8.44139 123.30516 21.16611 65.61596 0.14409 0.08636 0.14889 
26.19588 2.42731 2.22975 118.20413 18.95218 30.37256 0.63859 0.02925 0.04191 28.79819 2.87280 9.85513 1774.54486 1147.19379 10115.05802 0.96814 0.04684 0.02529 
28.43440 1.70230 2.09999 105.75513 32.10656 62.84520 0.57543 0.10965 0.12021 28.77427 1.84155 2.15940 4445.14289 4007.97330 16933.87830 0.98699 0.10320 0.01012 
41.89653 3.90666 2.83205 63.18658 14.03281 24.05806 0.19521 0.06357 0.13007 42.65338 2.28163 2.62560 183.42519 71.89633 212.14278 0.61924 0.15517 0.17588 
46.01454 37.63268 96.99103 152.55827 10.95735 344.59422 0.63347 0.38391 0.31087 81.36859 70.02621 65.47439 158.65087 16.23397 7931.97619 0.68257 0.42510 0.29832 
18.21026 9.58824 14.21077 123.57910 9.68579 8.99434 0.73871 0.14603 0.12822 27.16370 15.23037 22.83768 140.42602 15.23718 17.40904 0.66255 0.16605 0.17101 
28.38515 7.16777 11.92014 90.67479 8.50995 13.04452 0.52515 0.09238 0.06692 42.22780 10.69900 15.67726 115.19688 18.86181 34.46559 0.47359 0.03474 0.05287 
19.31604 1.56877 1.74168 62.44367 11.20334 20.37564 0.53040 0.05522 0.07080 20.29370 1.42477 1.74786 261.56704 105.47181 510.71994 0.85664 0.07732 0.08835 
356.06999 45.12115 26.36640 70845.76229 69021.31602 66462.02097 0.98994 0.11518 0.00488 356.73841 37.40749 26.39560 74116.00185 56837.04828 65131.95194 0.99049 0.02691 0.00446 
58.33392 18.47763 25.55740 147.08838 7.46107 9.38060 0.42413 0.13188 0.14404 100.22530 33.27514 28.01272 168.09004 17.13025 54.54932 0.27966 0.04874 0.14302 
57.52489 42.38047 34.25246 328.62351 129.69112 9305.23282 0.81253 0.10954 0.17158 67.44050 46.89035 29.50984 8852.32207 8446.05911 23823.65404 0.98551 0.09556 0.00872 
14.24535 9.45753 23.36819 186.62408 20.83984 27.83290 0.85339 0.17626 0.09642 19.77605 13.51190 32.11580 284.21757 46.04603 197.32767 0.86946 0.09696 0.09033 
69.89277 26.09122 19.14746 93.76790 15.30098 60.64736 0.21047 0.08057 0.18316 80.33789 13.37076 11.57112 205.71147 105.73669 688.49307 0.44111 0.22926 0.37795 
116.23530 88.73283 34.85818 676.27227 479.85878 51725.21665 0.89478 0.35621 0.09993 135.26091 94.97657 18.74709 17518.02613 17244.67192 43344.04251 0.98530 0.27551 0.01009 
25.03958 1.32835 1.57179 72.74746 12.20678 17.91086 0.48587 0.04746 0.06454 25.20156 1.30256 1.64510 450.77096 184.68317 798.97112 0.89379 0.05778 0.06485 
44.63374 33.57613 80.10329 589.55293 90.34702 583.89435 0.87052 0.09289 0.09204 63.00797 46.82453 221.17658 2488.16732 1127.97257 12596.99277 0.95870 0.02646 0.02111 
40.67961 29.63174 124.74076 238.20644 22.18787 114.90595 0.72925 0.43839 0.20010 67.03452 52.42805 153.73878 248.36911 25.75960 613.40836 0.66667 0.39146 0.26038 
150.39841 111.92333 9.79632 1793.81954 1636.64633 64580.70612 0.94518 0.61788 0.05025 152.57278 86.86904 8.18266 26070.83023 25907.78845 46618.97772 0.98890 0.56116 0.00694 
165.01291 126.26995 13.66311 4079.09195 3891.05870 63438.84497 0.95762 0.58448 0.03729 167.88841 104.15229 11.60717 27704.09945 27494.95109 45671.42393 0.98784 0.45768 0.00745 
262.65690 219.00051 125.57925 1549.18122 930.46608 29621.02822 0.90616 0.23351 0.07173 301.50828 236.33393 91.09969 13604.28539 12540.58502 23900.05046 0.96022 0.10506 0.02056 
170.85358 101.51498 24.23983 31213.85603 30993.63946 67612.48424 0.98897 0.47664 0.00735 172.67916 60.38884 23.62708 41983.17804 41684.03413 61249.25686 0.99163 0.32170 0.00483 
22.99243 2.73777 3.71957 42.80219 4.02629 6.45824 0.30870 0.01510 0.02035 27.39907 2.83293 2.74389 75.96702 13.64000 26.55708 0.47374 0.04404 0.07226 
14.63850 2.11854 2.34376 35.51112 6.49843 8.72383 0.41630 0.01657 0.03132 15.80628 2.02156 2.19666 79.22539 23.46446 44.54386 0.66796 0.06387 0.07793 
51.49725 10.33738 15.28878 99.95047 9.37194 17.40234 0.32076 0.04168 0.07311 68.96297 9.29927 10.44910 169.37234 39.92749 105.46420 0.42068 0.04872 0.13649 
15.74261 3.26791 4.32497 35.76352 4.16864 6.08909 0.38857 0.04179 0.05566 19.63228 3.32697 3.84498 53.76042 11.72506 21.98675 0.47671 0.03850 0.06684 
29.15579 7.95692 8.31136 48.97782 6.00268 13.84888 0.26846 0.03604 0.09063 36.63600 6.29178 4.66233 79.83851 24.37374 75.25845 0.37795 0.08021 0.18481 
70.74847 11.76689 11.21126 130.82385 23.93804 50.31823 0.30447 0.01773 0.07205 79.18424 8.22395 8.96654 418.78593 180.76266 810.12530 0.67869 0.14637 0.19091 
16.33125 3.05806 3.15135 92.28376 13.05890 22.62160 0.70780 0.01603 0.01569 18.69575 3.17606 3.15897 415.27796 165.19440 824.24230 0.91490 0.03293 0.04910 
29.19115 6.52451 7.86898 107.49869 22.69057 36.03780 0.58085 0.01863 0.02734 34.43239 6.70117 7.34619 344.86885 144.19621 562.48398 0.81989 0.06464 0.09046 
2.37934 0.55404 0.80518 32.87833 2.26489 2.72036 0.86422 0.03411 0.02783 2.82867 0.63527 1.01195 46.83120 3.99633 5.42367 0.88586 0.02941 0.02158 
100.41012 13.01114 8.00505 174.96472 72.21686 305.84259 0.30768 0.21619 0.33749 101.33679 7.37978 7.32481 1174.26394 940.12940 19578.62760 0.84241 0.43393 0.14748 
38.23201 3.72135 3.44604 65.11520 12.25925 21.97048 0.25893 0.05278 0.10190 39.43976 2.81610 3.09701 195.52115 67.52612 210.56639 0.66691 0.11022 0.14739 
28.62831 6.11728 8.48723 85.22919 6.53665 6.60577 0.49296 0.08216 0.07295 44.08738 9.77963 11.82625 100.86320 11.07395 16.71986 0.39347 0.03796 0.06375 
12.23226 6.39490 12.75664 43.34141 7.51912 8.76759 0.54148 0.24294 0.20822 18.39045 10.37208 22.60989 44.05787 7.64290 13.37226 0.41918 0.23950 0.26992 
